factor,direction,gamma,power,mean,min,max,neg,vals
BASE,,0.0,0.0,0.08097528186967097,0.037990514755667566,0.16840892117384698,0,"0.03799,0.06872,0.16841,0.04100,0.04546,0.07761,0.07291,0.08181,0.09959,0.09370,0.08142,0.10309"
price_volume_corr_20d,high,0.15,0.5,0.08093088132118297,0.038256562391283506,0.16624678276404203,0,"0.03826,0.06895,0.16625,0.04116,0.04521,0.07832,0.07304,0.08212,0.09927,0.09387,0.08167,0.10307"
trend_quality_20d,high,0.15,0.5,0.08092687327041687,0.03806923108267839,0.16807721483336055,0,"0.03807,0.06804,0.16808,0.04106,0.04515,0.07815,0.07295,0.08207,0.09937,0.09384,0.08131,0.10304"
ret_20d,high,0.15,0.5,0.08090755414930507,0.03810049408129172,0.16787983217486566,0,"0.03810,0.06785,0.16788,0.04095,0.04506,0.07835,0.07308,0.08233,0.09917,0.09395,0.08133,0.10284"
trend_quality_20d,high,0.15,1.0,0.08090681817090613,0.03801008130029857,0.1678258619184881,0,"0.03801,0.06797,0.16783,0.04112,0.04503,0.07828,0.07299,0.08220,0.09928,0.09395,0.08123,0.10300"
close_location_ma5,high,0.15,0.5,0.08090257758568177,0.03801671515325496,0.16812116645664732,0,"0.03802,0.06794,0.16812,0.04074,0.04539,0.07800,0.07295,0.08195,0.09936,0.09396,0.08128,0.10310"
residual_ret_20d,high,0.15,0.5,0.08089396742499362,0.03790385780649543,0.16772945495732455,0,"0.03790,0.06785,0.16773,0.04096,0.04508,0.07835,0.07294,0.08236,0.09929,0.09401,0.08137,0.10289"
price_volume_corr_20d,high,0.15,1.0,0.08089006993072084,0.03824359878276465,0.16571337781110396,0,"0.03824,0.06900,0.16571,0.04114,0.04507,0.07844,0.07310,0.08224,0.09920,0.09391,0.08165,0.10298"
trend_quality_20d,high,0.15,2.0,0.08088677745036987,0.03792374345157871,0.16751136822374094,0,"0.03792,0.06807,0.16751,0.04120,0.04501,0.07822,0.07303,0.08225,0.09914,0.09411,0.08119,0.10298"
drawdown_20d,high,0.15,2.0,0.08088254870682268,0.037983999028606455,0.16690964690562393,0,"0.03798,0.06843,0.16691,0.04187,0.04492,0.07778,0.07297,0.08209,0.09899,0.09399,0.08167,0.10298"
ret_20d,high,0.15,1.0,0.08087547611609495,0.037991917392291054,0.16739547541036182,0,"0.03799,0.06787,0.16740,0.04091,0.04495,0.07843,0.07318,0.08238,0.09903,0.09417,0.08128,0.10293"
price_volume_corr_20d,high,0.3,0.5,0.0808674920287923,0.038489654988525225,0.1643786705210164,0,"0.03849,0.06914,0.16438,0.04129,0.04500,0.07864,0.07316,0.08238,0.09899,0.09401,0.08188,0.10305"
downside_vol_20d,low,0.15,2.0,0.08086712889128213,0.0378950860862333,0.16834218107474627,0,"0.03790,0.06833,0.16834,0.04112,0.04479,0.07759,0.07291,0.08181,0.09952,0.09368,0.08137,0.10305"
residual_ret_20d,high,0.15,1.0,0.08086659635809477,0.03784089995335991,0.16726128896534076,0,"0.03784,0.06786,0.16726,0.04092,0.04497,0.07842,0.07296,0.08248,0.09915,0.09424,0.08134,0.10295"
intraday_mean_5d,high,0.15,0.5,0.08086623770473465,0.03793563678485541,0.16794702245655646,0,"0.03794,0.06754,0.16795,0.04100,0.04487,0.07878,0.07293,0.08176,0.09905,0.09379,0.08188,0.10291"
vol_20d,low,0.15,2.0,0.0808641136803771,0.03772758867336742,0.16836645334882033,0,"0.03773,0.06820,0.16837,0.04112,0.04506,0.07749,0.07291,0.08181,0.09948,0.09370,0.08142,0.10308"
trend_quality_20d,high,0.3,0.5,0.08086296282639051,0.03813973203555299,0.16777683518776473,0,"0.03814,0.06745,0.16778,0.04112,0.04488,0.07838,0.07299,0.08229,0.09917,0.09395,0.08122,0.10299"
obv_20d,high,0.15,2.0,0.0808623848057344,0.03789608880522163,0.16703404292204652,0,"0.03790,0.06807,0.16703,0.04098,0.04560,0.07862,0.07289,0.08223,0.09894,0.09366,0.08139,0.10304"
intraday_mean_5d,high,0.15,1.0,0.08085588397825762,0.03798075655432451,0.16760645045725148,0,"0.03798,0.06785,0.16761,0.04102,0.04467,0.07885,0.07291,0.08176,0.09895,0.09376,0.08197,0.10293"
drawdown_20d,high,0.15,1.0,0.08085483101376928,0.03792921318792099,0.16619576125292843,0,"0.03793,0.06824,0.16620,0.04181,0.04505,0.07822,0.07310,0.08214,0.09907,0.09398,0.08155,0.10297"
obv_20d,high,0.15,0.5,0.08085452932170735,0.037859051896781036,0.16755425753659797,0,"0.03786,0.06799,0.16755,0.04099,0.04553,0.07834,0.07290,0.08198,0.09913,0.09341,0.08152,0.10307"
intraday_mean_5d,high,0.15,2.0,0.0808513697664656,0.037990286219142945,0.16716727273945078,0,"0.03799,0.06831,0.16717,0.04104,0.04469,0.07876,0.07291,0.08179,0.09889,0.09368,0.08200,0.10299"
obv_20d,high,0.15,1.0,0.08084609474797784,0.03787744974086567,0.16719948421749564,0,"0.03788,0.06794,0.16720,0.04099,0.04560,0.07857,0.07289,0.08210,0.09898,0.09348,0.08148,0.10305"
residual_ret_20d,high,0.15,2.0,0.08084224936947192,0.03783999790390195,0.16703864643837082,0,"0.03784,0.06776,0.16704,0.04087,0.04503,0.07833,0.07299,0.08246,0.09907,0.09443,0.08132,0.10297"
price_volume_corr_20d,high,0.15,2.0,0.08084067763068341,0.03818267046596925,0.1657594693875263,0,"0.03818,0.06899,0.16576,0.04098,0.04503,0.07833,0.07307,0.08225,0.09929,0.09387,0.08152,0.10283"
ret_20d,high,0.15,2.0,0.08083432495872646,0.03787150440184278,0.16708016814852783,0,"0.03787,0.06779,0.16708,0.04085,0.04502,0.07834,0.07323,0.08229,0.09896,0.09438,0.08124,0.10296"
vol_20d,low,0.15,1.0,0.08083410163352005,0.037596774123091786,0.16823364962377388,0,"0.03760,0.06808,0.16823,0.04137,0.04519,0.07735,0.07290,0.08183,0.09938,0.09368,0.08140,0.10301"
close_location_ma5,high,0.15,1.0,0.0808325055696108,0.037973221527233286,0.16793481050378253,0,"0.03797,0.06765,0.16793,0.04057,0.04533,0.07793,0.07299,0.08190,0.09929,0.09397,0.08140,0.10306"
downside_vol_20d,low,0.15,1.0,0.08082786592305923,0.03778506115684374,0.1680526697643296,0,"0.03779,0.06839,0.16805,0.04126,0.04481,0.07769,0.07291,0.08182,0.09935,0.09366,0.08127,0.10296"
vol_20d,low,0.15,0.5,0.08082661930596914,0.0376210676943571,0.16804488225456513,0,"0.03762,0.06802,0.16804,0.04163,0.04530,0.07728,0.07288,0.08187,0.09943,0.09356,0.08139,0.10288"
close_location_ma5,high,0.3,0.5,0.08082617794306776,0.038040877693313865,0.1678852011016178,0,"0.03804,0.06725,0.16789,0.04054,0.04533,0.07817,0.07299,0.08208,0.09915,0.09419,0.08116,0.10312"
drawdown_20d,high,0.15,0.5,0.08081821025430798,0.037862417859767836,0.16585851022200881,0,"0.03786,0.06832,0.16586,0.04171,0.04520,0.07831,0.07318,0.08207,0.09913,0.09388,0.08141,0.10288"
downside_vol_20d,low,0.15,0.5,0.08081036656512076,0.03775460527819503,0.16774051543147991,0,"0.03775,0.06856,0.16774,0.04146,0.04498,0.07771,0.07290,0.08187,0.09914,0.09356,0.08122,0.10283"
ret_20d,high,0.3,0.5,0.08080000034174067,0.038199920475257755,0.16720525492540778,0,"0.03820,0.06710,0.16721,0.04091,0.04473,0.07865,0.07323,0.08277,0.09879,0.09416,0.08125,0.10260"
trend_quality_20d,high,0.3,1.0,0.08079253509445197,0.038028467336135886,0.16713078277009355,0,"0.03803,0.06729,0.16713,0.04122,0.04465,0.07847,0.07306,0.08253,0.09900,0.09416,0.08106,0.10291"
ret_5d,low,0.15,2.0,0.08079071242703446,0.03796339663310745,0.16817589833268484,0,"0.03796,0.06904,0.16818,0.04091,0.04624,0.07526,0.07341,0.08185,0.09931,0.09370,0.08120,0.10242"
ret_5d,low,0.15,0.5,0.08078242215458806,0.03798323524991732,0.16759962091346328,0,"0.03798,0.06901,0.16760,0.04112,0.04599,0.07532,0.07327,0.08202,0.09958,0.09362,0.08118,0.10270"
residual_ret_20d,high,0.3,0.5,0.08077350126024276,0.03782654132850248,0.16692224787083948,0,"0.03783,0.06709,0.16692,0.04093,0.04477,0.07865,0.07296,0.08283,0.09902,0.09427,0.08132,0.10269"
price_volume_corr_20d,high,0.5,0.5,0.08077127189916673,0.038751309921150875,0.16225018225812024,0,"0.03875,0.06934,0.16225,0.04143,0.04475,0.07877,0.07328,0.08267,0.09867,0.09416,0.08213,0.10303"
price_volume_corr_20d,high,0.3,1.0,0.08077083978353165,0.03847901563230988,0.16325933598121153,0,"0.03848,0.06924,0.16326,0.04126,0.04472,0.07873,0.07327,0.08262,0.09883,0.09409,0.08186,0.10289"
trend_quality_20d,high,0.5,0.5,0.08077077955530869,0.03821224709648731,0.167335125572594,0,"0.03821,0.06678,0.16734,0.04117,0.04459,0.07855,0.07303,0.08252,0.09893,0.09407,0.08113,0.10294"
close_location_ma5,high,0.15,2.0,0.08077067243726023,0.037973628321379085,0.16770422015084688,0,"0.03797,0.06777,0.16770,0.04035,0.04521,0.07762,0.07299,0.08184,0.09925,0.09384,0.08165,0.10303"
turnover_z_20d,low,0.15,0.5,0.08077034622712442,0.03794165012990672,0.16788031344195953,0,"0.03794,0.06854,0.16788,0.04024,0.04518,0.07726,0.07285,0.08206,0.09946,0.09375,0.08131,0.10277"
drawdown_20d,high,0.3,2.0,0.08076646773320216,0.03797751473565146,0.16545241509765116,0,"0.03798,0.06814,0.16545,0.04264,0.04445,0.07767,0.07303,0.08236,0.09841,0.09427,0.08191,0.10288"
ret_5d,low,0.15,1.0,0.08076192384957111,0.03797629619792554,0.16771609177464736,0,"0.03798,0.06905,0.16772,0.04097,0.04620,0.07514,0.07338,0.08197,0.09943,0.09364,0.08115,0.10250"
downside_vol_20d,low,0.3,2.0,0.08076111061142872,0.03780129324842713,0.1682755408469814,0,"0.03780,0.06794,0.16828,0.04124,0.04422,0.07750,0.07291,0.08182,0.09945,0.09366,0.08132,0.10300"
vol_20d,low,0.3,2.0,0.0807600590784418,0.03747453736590008,0.16832403329822357,0,"0.03747,0.06769,0.16832,0.04125,0.04473,0.07738,0.07290,0.08181,0.09938,0.09370,0.08142,0.10307"
amount_z_20d,low,0.15,0.5,0.0807584201951655,0.03791459921615322,0.1677268243122205,0,"0.03791,0.06861,0.16773,0.04012,0.04524,0.07719,0.07287,0.08206,0.09951,0.09377,0.08131,0.10278"
trend_quality_20d,high,0.3,2.0,0.08074309327963326,0.037858784938024276,0.16644746199545207,0,"0.03786,0.06747,0.16645,0.04137,0.04459,0.07838,0.07315,0.08265,0.09870,0.09447,0.08098,0.10287"
turnover_z_20d,low,0.15,1.0,0.0807302239208178,0.03790339248939335,0.16801506719768503,0,"0.03790,0.06821,0.16802,0.04030,0.04508,0.07727,0.07282,0.08214,0.09944,0.09372,0.08127,0.10259"
close_location_ma5,high,0.5,0.5,0.08072973443067417,0.03807031509077978,0.1676295653704043,0,"0.03807,0.06645,0.16763,0.04033,0.04527,0.07823,0.07303,0.08224,0.09890,0.09445,0.08103,0.10314"
amount_z_20d,low,0.15,2.0,0.08072950183245793,0.037815060831274526,0.1682051150483174,0,"0.03782,0.06793,0.16821,0.04050,0.04509,0.07754,0.07280,0.08205,0.09953,0.09363,0.08130,0.10236"
ret_20d,high,0.3,1.0,0.08072806226083247,0.03799321805071863,0.1662551024604496,0,"0.03799,0.06710,0.16626,0.04084,0.04450,0.07874,0.07342,0.08289,0.09850,0.09457,0.08115,0.10278"
amount_z_20d,low,0.15,1.0,0.08072655594959326,0.03786860912498361,0.16786148295472156,0,"0.03787,0.06832,0.16786,0.04024,0.04515,0.07725,0.07284,0.08212,0.09950,0.09373,0.08126,0.10258"
turnover_z_20d,low,0.15,2.0,0.08072648120530829,0.037846510648692884,0.16822668431293883,0,"0.03785,0.06780,0.16823,0.04051,0.04503,0.07759,0.07279,0.08212,0.09949,0.09363,0.08128,0.10241"
obv_20d,high,0.3,0.5,0.08072097059730933,0.03772134981911177,0.16684224233398917,0,"0.03772,0.06734,0.16684,0.04099,0.04559,0.07864,0.07289,0.08212,0.09871,0.09316,0.08160,0.10305"
market_corr_60d,low,0.15,0.5,0.08071101346834675,0.03788432819238363,0.1666172122089126,0,"0.03788,0.06812,0.16662,0.04093,0.04535,0.07795,0.07317,0.08174,0.09927,0.09348,0.08108,0.10293"
residual_ret_20d,high,0.3,1.0,0.08070884903378882,0.03769865450183338,0.16599316236065736,0,"0.03770,0.06709,0.16599,0.04086,0.04454,0.07874,0.07300,0.08306,0.09874,0.09470,0.08127,0.10281"
intraday_mean_5d,high,0.3,0.5,0.08070241609044702,0.03788251122876044,0.16758074291610114,0,"0.03788,0.06645,0.16758,0.04101,0.04438,0.07902,0.07296,0.08172,0.09855,0.09386,0.08227,0.10274"
vol_20d,low,0.3,1.0,0.08070219641996124,0.03723455785978172,0.16806070539840223,0,"0.03723,0.06747,0.16806,0.04171,0.04497,0.07710,0.07289,0.08186,0.09917,0.09366,0.08138,0.10294"
drawdown_20d,high,0.3,1.0,0.08069241995338057,0.03786966042289221,0.16399489291583377,0,"0.03787,0.06778,0.16399,0.04251,0.04470,0.07838,0.07329,0.08244,0.09857,0.09424,0.08168,0.10286"
vol_20d,low,0.3,0.5,0.08069044793019538,0.037298205496402094,0.16769879258798612,0,"0.03730,0.06738,0.16770,0.04219,0.04517,0.07699,0.07286,0.08194,0.09929,0.09343,0.08136,0.10269"
close_location_ma5,high,0.3,1.0,0.08068576622218254,0.03795643747571349,0.16752795950799462,0,"0.03796,0.06665,0.16753,0.04021,0.04522,0.07798,0.07306,0.08199,0.09899,0.09422,0.08139,0.10303"
obv_20d,high,0.3,2.0,0.08067719838496674,0.03780742720133385,0.16576728219227793,0,"0.03781,0.06745,0.16577,0.04097,0.04574,0.07864,0.07287,0.08260,0.09830,0.09362,0.08136,0.10299"
price_volume_corr_20d,high,0.3,2.0,0.08067464939704097,0.03836917813274074,0.16323274145210434,0,"0.03837,0.06924,0.16323,0.04097,0.04462,0.07858,0.07323,0.08265,0.09899,0.09401,0.08161,0.10259"
intraday_mean_5d,high,0.3,1.0,0.08067222108321745,0.03797103870517255,0.16695406646878322,0,"0.03797,0.06701,0.16695,0.04104,0.04399,0.07908,0.07291,0.08172,0.09833,0.09381,0.08247,0.10279"
ret_20d,high,0.5,0.5,0.08067005552941138,0.038311034889953466,0.16645076523961902,0,"0.03831,0.06625,0.16645,0.04087,0.04436,0.07894,0.07340,0.08327,0.09833,0.09439,0.08117,0.10230"
intraday_mean_5d,high,0.3,2.0,0.0806683231822487,0.037990057702520556,0.16606273146654368,0,"0.03799,0.06791,0.16606,0.04109,0.04399,0.07903,0.07290,0.08177,0.09819,0.09365,0.08254,0.10290"
obv_20d,high,0.3,1.0,0.08066347533243813,0.03777435876035966,0.1661424598045561,0,"0.03777,0.06722,0.16614,0.04098,0.04573,0.07866,0.07287,0.08235,0.09840,0.09329,0.08154,0.10301"
downside_vol_20d,low,0.3,1.0,0.0806580303294313,0.037590692613880115,0.1677010734075902,0,"0.03759,0.06808,0.16770,0.04149,0.04428,0.07735,0.07290,0.08182,0.09910,0.09362,0.08113,0.10283"
trend_quality_20d,high,0.8,0.5,0.08065724113613328,0.03830457335103001,0.16682291170285093,0,"0.03830,0.06598,0.16682,0.04123,0.04423,0.07873,0.07307,0.08279,0.09864,0.09420,0.08101,0.10287"
residual_ret_20d,high,0.3,2.0,0.0806551449092239,0.03769284775644555,0.1655140235734486,0,"0.03769,0.06686,0.16551,0.04077,0.04464,0.07857,0.07307,0.08304,0.09856,0.09507,0.08124,0.10284"
trend_efficiency_20d,high,0.15,0.5,0.08065363719100024,0.037592755523688653,0.16778380018611677,0,"0.03759,0.06680,0.16778,0.04124,0.04570,0.07793,0.07284,0.08173,0.09879,0.09313,0.08127,0.10304"
trend_quality_20d,high,0.5,1.0,0.08065105093757373,0.038051323217548595,0.16631478103570524,0,"0.03805,0.06649,0.16631,0.04132,0.04420,0.07868,0.07313,0.08291,0.09865,0.09439,0.08087,0.10280"
market_corr_60d,low,0.15,2.0,0.08064813907526527,0.037923676127978916,0.16663088598960585,0,"0.03792,0.06822,0.16663,0.04090,0.04513,0.07779,0.07318,0.08172,0.09909,0.09315,0.08124,0.10281"
trend_efficiency_20d,high,0.15,2.0,0.08064362401050744,0.037671436877439166,0.16721252405885553,0,"0.03767,0.06759,0.16721,0.04139,0.04577,0.07757,0.07291,0.08181,0.09822,0.09349,0.08110,0.10297"
ret_20d,high,0.3,2.0,0.080643152933026,0.03775814368611529,0.1655997742362172,0,"0.03776,0.06692,0.16560,0.04073,0.04461,0.07859,0.07353,0.08273,0.09834,0.09498,0.08109,0.10284"
price_volume_corr_20d,high,0.8,0.5,0.08063778253850612,0.03908086240754379,0.15958884396879672,0,"0.03908,0.06958,0.15959,0.04160,0.04446,0.07884,0.07344,0.08301,0.09829,0.09431,0.08244,0.10301"
market_corr_60d,low,0.15,1.0,0.08063173889769507,0.03787198497123849,0.16626375078886382,0,"0.03787,0.06804,0.16626,0.04090,0.04524,0.07788,0.07324,0.08171,0.09915,0.09332,0.08111,0.10285"
vol_20d,low,0.5,2.0,0.08063017418098933,0.0371515583572407,0.16826754740730915,0,"0.03715,0.06702,0.16827,0.04141,0.04437,0.07723,0.07290,0.08182,0.09923,0.09370,0.08141,0.10305"
residual_ret_20d,high,0.5,0.5,0.08062922503970348,0.0377340196619761,0.16601378396704092,0,"0.03773,0.06624,0.16601,0.04089,0.04442,0.07893,0.07299,0.08336,0.09870,0.09456,0.08127,0.10244"
drawdown_20d,high,0.3,0.5,0.08062400483097575,0.037744508062313845,0.16330092235559754,0,"0.03774,0.06795,0.16330,0.04230,0.04499,0.07864,0.07343,0.08230,0.09870,0.09404,0.08139,0.10269"
downside_vol_20d,low,0.5,2.0,0.08062192965124389,0.03767870888005255,0.1681868421782971,0,"0.03768,0.06745,0.16819,0.04138,0.04360,0.07724,0.07291,0.08182,0.09936,0.09364,0.08125,0.10295"
downside_vol_20d,low,0.3,0.5,0.08061956228066082,0.03754362585774754,0.16702934657333085,0,"0.03754,0.06841,0.16703,0.04186,0.04461,0.07742,0.07290,0.08192,0.09871,0.09342,0.08103,0.10259"
trend_efficiency_20d,high,0.15,1.0,0.08061574692847648,0.03756029072535854,0.16740560492764478,0,"0.03756,0.06695,0.16741,0.04135,0.04578,0.07777,0.07286,0.08177,0.09843,0.09332,0.08118,0.10301"
ret_5d,low,0.3,2.0,0.08061217224184501,0.03794218454849614,0.16794545566121563,0,"0.03794,0.06931,0.16795,0.04082,0.04698,0.07304,0.07389,0.08190,0.09905,0.09371,0.08098,0.10179"
close_location_ma5,high,0.8,0.5,0.08060439423795616,0.03810300828007789,0.16724349637378336,0,"0.03810,0.06544,0.16724,0.04009,0.04520,0.07830,0.07309,0.08244,0.09857,0.09476,0.08087,0.10316"
ret_5d,low,0.3,0.5,0.0806029966934806,0.03797761129491294,0.16686141363907767,0,"0.03798,0.06924,0.16686,0.04124,0.04644,0.07325,0.07358,0.08222,0.09957,0.09355,0.08095,0.10236"
price_volume_corr_20d,high,0.5,1.0,0.08059746530403432,0.038762828957588535,0.16031001545784118,0,"0.03876,0.06951,0.16031,0.04140,0.04430,0.07880,0.07348,0.08306,0.09839,0.09425,0.08212,0.10278"
drawdown_20d,high,0.5,2.0,0.0805962700519787,0.03796891751730643,0.16357183829291538,0,"0.03797,0.06777,0.16357,0.04355,0.04390,0.07735,0.07311,0.08270,0.09765,0.09463,0.08222,0.10275"
close_location_ma5,high,0.3,2.0,0.08057520374192864,0.037956829413422946,0.16706423370378232,0,"0.03796,0.06686,0.16706,0.03980,0.04497,0.07756,0.07307,0.08188,0.09892,0.09397,0.08187,0.10298"
turnover_z_20d,low,0.3,0.5,0.0805666614748272,0.03790190677111005,0.16737894149676216,0,"0.03790,0.06839,0.16738,0.03956,0.04495,0.07669,0.07281,0.08227,0.09935,0.09379,0.08122,0.10250"
trend_quality_20d,high,0.5,2.0,0.08055796093602537,0.037774868154620035,0.16516361959110315,0,"0.03777,0.06672,0.16516,0.04155,0.04407,0.07855,0.07327,0.08312,0.09814,0.09487,0.08073,0.10273"
ret_5d,low,0.3,1.0,0.08055559519873998,0.037965264727809624,0.1670500147794617,0,"0.03797,0.06932,0.16705,0.04095,0.04687,0.07284,0.07382,0.08213,0.09929,0.09359,0.08089,0.10195"
amount_z_20d,low,0.3,0.5,0.08054551186267718,0.03785341945392301,0.1671228855923166,0,"0.03785,0.06852,0.16712,0.03931,0.04506,0.07656,0.07283,0.08227,0.09944,0.09384,0.08122,0.10251"
trend_quality_20d,high,1.2,0.5,0.08054380006176506,0.038458753586641144,0.16632359148104156,0,"0.03846,0.06517,0.16632,0.04129,0.04387,0.07890,0.07311,0.08305,0.09832,0.09433,0.08090,0.10279"
obv_20d,high,0.5,0.5,0.08054152274972806,0.03755835056281281,0.16605703139811406,0,"0.03756,0.06661,0.16606,0.04099,0.04565,0.07867,0.07288,0.08227,0.09821,0.09289,0.08169,0.10303"
ret_20d,high,0.5,1.0,0.0805405057867093,0.03799487577287854,0.16491497188325613,0,"0.03799,0.06619,0.16491,0.04077,0.04398,0.07908,0.07370,0.08349,0.09782,0.09495,0.08102,0.10258"
vol_20d,low,0.5,1.0,0.08053814409176836,0.036794428720554315,0.16783365396455208,0,"0.03679,0.06671,0.16783,0.04213,0.04473,0.07677,0.07289,0.08189,0.09889,0.09363,0.08135,0.10284"
vol_20d,low,0.5,0.5,0.080506489411495,0.03692613981288441,0.16710556453610634,0,"0.03693,0.06663,0.16711,0.04285,0.04504,0.07656,0.07283,0.08201,0.09910,0.09325,0.08132,0.10245"
residual_ret_20d,high,0.5,1.0,0.08050581235449615,0.03752030766340457,0.16449291990731502,0,"0.03752,0.06618,0.16449,0.04080,0.04405,0.07907,0.07305,0.08374,0.09821,0.09514,0.08119,0.10263"
intraday_mean_5d,high,0.5,0.5,0.08050307275773591,0.03781426107578185,0.16719601577544177,0,"0.03781,0.06510,0.16720,0.04102,0.04385,0.07924,0.07299,0.08167,0.09793,0.09396,0.08272,0.10254"
close_location_ma5,high,0.5,1.0,0.08049631770173406,0.03793481267329017,0.16697561942879044,0,"0.03793,0.06542,0.16698,0.03983,0.04509,0.07795,0.07315,0.08210,0.09863,0.09451,0.08136,0.10300"
price_volume_corr_20d,high,1.2,0.5,0.08049429108684057,0.03943284486597175,0.1567901788830984,0,"0.03943,0.06982,0.15679,0.04177,0.04415,0.07891,0.07359,0.08335,0.09789,0.09446,0.08277,0.10299"
ret_20d,high,0.8,0.5,0.0804866581929951,0.038487089998523974,0.16554795508942363,0,"0.03849,0.06521,0.16555,0.04083,0.04393,0.07909,0.07360,0.08388,0.09773,0.09457,0.08108,0.10189"
turnover_z_20d,low,0.3,1.0,0.08048554635742051,0.03783019162291987,0.16765032970291274,0,"0.03783,0.06776,0.16765,0.03965,0.04475,0.07669,0.07275,0.08244,0.09930,0.09373,0.08112,0.10216"
amount_z_20d,low,0.3,2.0,0.0804837958715169,0.03766396932971486,0.16800607313134722,0,"0.03766,0.06721,0.16801,0.04002,0.04476,0.07728,0.07271,0.08229,0.09947,0.09356,0.08117,0.10167"
amount_z_20d,low,0.3,1.0,0.08047676436973432,0.037767377981332964,0.16734838638810734,0,"0.03777,0.06797,0.16735,0.03951,0.04488,0.07664,0.07278,0.08241,0.09941,0.09376,0.08112,0.10212"
turnover_z_20d,low,0.3,2.0,0.08047259604658816,0.03772104501957761,0.1680501229442026,0,"0.03772,0.06698,0.16805,0.04002,0.04463,0.07728,0.07269,0.08241,0.09939,0.09357,0.08115,0.10178"
downside_vol_20d,low,0.8,2.0,0.08047245750320489,0.037499939741110794,0.16805412517628499,0,"0.03750,0.06723,0.16805,0.04159,0.04285,0.07687,0.07290,0.08183,0.09923,0.09360,0.08115,0.10286"
close_location_ma5,high,1.2,0.5,0.08046611759599359,0.03813464303425726,0.16679586917933265,0,"0.03813,0.06437,0.16680,0.03986,0.04513,0.07834,0.07314,0.08266,0.09821,0.09509,0.08070,0.10318"
drawdown_20d,high,0.5,1.0,0.08046481136713114,0.03779285016656876,0.16113878472436985,0,"0.03779,0.06719,0.16114,0.04330,0.04431,0.07846,0.07353,0.08280,0.09792,0.09458,0.08183,0.10272"
trend_quality_20d,high,0.8,1.0,0.08046404044514745,0.03808276885850222,0.16531673422235524,0,"0.03808,0.06547,0.16532,0.04144,0.04363,0.07892,0.07322,0.08337,0.09818,0.09466,0.08064,0.10265"
downside_vol_20d,low,0.5,1.0,0.0804583109361794,0.037347281226438045,0.16723936312209492,0,"0.03735,0.06780,0.16724,0.04178,0.04371,0.07694,0.07290,0.08183,0.09879,0.09356,0.08094,0.10266"
market_corr_60d,low,0.3,0.5,0.08045299116928223,0.03777704975170444,0.16507714823113598,0,"0.03778,0.06759,0.16508,0.04088,0.04527,0.07788,0.07339,0.08169,0.09901,0.09329,0.08079,0.10281"
vol_20d,low,0.8,2.0,0.08045275025090756,0.036726289210097865,0.1681829771339833,0,"0.03673,0.06607,0.16818,0.04163,0.04394,0.07701,0.07290,0.08182,0.09902,0.09370,0.08140,0.10303"
price_volume_corr_20d,high,0.5,2.0,0.08044395968101138,0.038609491309173266,0.16004037819789688,0,"0.03861,0.06954,0.16004,0.04095,0.04410,0.07870,0.07342,0.08316,0.09861,0.09416,0.08173,0.10230"
obv_20d,high,0.5,2.0,0.08044349583193712,0.037692830282490326,0.164225506152605,0,"0.03769,0.06668,0.16423,0.04096,0.04592,0.07867,0.07285,0.08302,0.09748,0.09358,0.08133,0.10293"
intraday_mean_5d,high,0.5,1.0,0.08044212037071939,0.03795814391162216,0.1661932449811429,0,"0.03796,0.06593,0.16619,0.04106,0.04321,0.07929,0.07292,0.08167,0.09752,0.09390,0.08306,0.10259"
obv_20d,high,0.5,1.0,0.08043681577055482,0.03764365092452634,0.16491577646859237,0,"0.03764,0.06635,0.16492,0.04098,0.04589,0.07869,0.07286,0.08261,0.09767,0.09306,0.08161,0.10296"
residual_ret_20d,high,0.8,0.5,0.0804252156952595,0.03761269641185797,0.16491883450802322,0,"0.03761,0.06520,0.16492,0.04086,0.04401,0.07910,0.07302,0.08400,0.09828,0.09481,0.08122,0.10209"
intraday_mean_5d,high,0.5,2.0,0.08042294299551594,0.03798975304464526,0.1646729486750098,0,"0.03799,0.06738,0.16467,0.04113,0.04315,0.07918,0.07290,0.08175,0.09727,0.09367,0.08321,0.10278"
residual_ret_20d,high,0.5,2.0,0.08040262198956367,0.0375016922883196,0.16363664256894458,0,"0.03750,0.06576,0.16364,0.04066,0.04415,0.07884,0.07315,0.08373,0.09790,0.09568,0.08114,0.10268"
trend_quality_20d,high,2.0,0.5,0.08039462733456867,0.03878658467004064,0.16567706039688876,0,"0.03879,0.06406,0.16568,0.04136,0.04339,0.07911,0.07317,0.08339,0.09787,0.09449,0.08076,0.10268"
ret_20d,high,0.5,2.0,0.0803897595398839,0.03761511039200483,0.16378417023101294,0,"0.03762,0.06587,0.16378,0.04060,0.04410,0.07886,0.07390,0.08327,0.09754,0.09554,0.08091,0.10268"
ret_5d,low,0.5,2.0,0.08038327540313074,0.037920176958543536,0.16764213883767903,0,"0.03792,0.06962,0.16764,0.04071,0.04791,0.07024,0.07450,0.08196,0.09874,0.09371,0.08068,0.10099"
downside_vol_20d,low,0.5,0.5,0.08037992180759744,0.03729471934740711,0.16603332774829443,0,"0.03729,0.06825,0.16603,0.04231,0.04421,0.07707,0.07290,0.08199,0.09817,0.09324,0.08080,0.10228"
ret_5d,low,0.5,0.5,0.08037791893443766,0.03797184035393546,0.16590674163584257,0,"0.03797,0.06949,0.16591,0.04139,0.04694,0.07079,0.07395,0.08247,0.09956,0.09346,0.08067,0.10195"
drawdown_20d,high,0.5,0.5,0.08037019240017157,0.03760114697272978,0.16018419138717777,0,"0.03760,0.06752,0.16018,0.04295,0.04476,0.07890,0.07374,0.08256,0.09816,0.09425,0.08138,0.10244"
price_volume_corr_20d,high,0.8,1.0,0.08036755701639033,0.0391412269446359,0.15646080458116554,0,"0.03914,0.06985,0.15646,0.04157,0.04375,0.07889,0.07374,0.08362,0.09781,0.09446,0.08248,0.10266"
drawdown_20d,high,0.8,2.0,0.08034808402472512,0.03795612455255155,0.16087692383880417,0,"0.03796,0.06721,0.16088,0.04468,0.04320,0.07693,0.07324,0.08317,0.09655,0.09515,0.08266,0.10255"
trend_efficiency_20d,high,0.3,0.5,0.08034704366898039,0.03725285874268032,0.16725194185909764,0,"0.03725,0.06516,0.16725,0.04145,0.04590,0.07783,0.07278,0.08165,0.09812,0.09264,0.08113,0.10301"
vol_20d,low,0.8,1.0,0.0803231379640744,0.0362958059776443,0.16750045081821738,0,"0.03630,0.06571,0.16750,0.04270,0.04447,0.07631,0.07288,0.08193,0.09849,0.09359,0.08130,0.10270"
close_location_ma5,high,0.5,2.0,0.08032264866681511,0.037934565849424264,0.16628828970992424,0,"0.03793,0.06569,0.16629,0.03916,0.04469,0.07733,0.07318,0.08192,0.09849,0.09414,0.08214,0.10291"
close_location_ma5,high,2.0,0.5,0.08032225563787646,0.03818460069151713,0.16621684584038027,0,"0.03818,0.06350,0.16622,0.03958,0.04503,0.07827,0.07321,0.08299,0.09766,0.09554,0.08048,0.10321"
turnover_z_20d,low,0.5,0.5,0.08031713844567671,0.037859178603265944,0.16663089484464494,0,"0.03786,0.06822,0.16663,0.03874,0.04469,0.07602,0.07276,0.08251,0.09921,0.09384,0.08111,0.10221"
obv_20d,high,0.8,0.5,0.08031364941742188,0.03734960828998712,0.1650484574227542,0,"0.03735,0.06571,0.16505,0.04098,0.04573,0.07870,0.07286,0.08244,0.09757,0.09257,0.08180,0.10300"
market_corr_60d,low,0.3,2.0,0.08030897998507312,0.037832130286265725,0.16492815962970164,0,"0.03783,0.06773,0.16493,0.04082,0.04483,0.07757,0.07344,0.08164,0.09861,0.09269,0.08107,0.10255"
trend_efficiency_20d,high,0.3,2.0,0.08030064980761581,0.037370551344774613,0.16607700611289306,0,"0.03737,0.06652,0.16608,0.04174,0.04606,0.07717,0.07292,0.08182,0.09695,0.09329,0.08081,0.10287"
ret_20d,high,1.2,0.5,0.08029449819322342,0.03879001502986578,0.1646376156482123,0,"0.03879,0.06416,0.16464,0.04079,0.04350,0.07922,0.07379,0.08450,0.09705,0.09472,0.08099,0.10139"
price_volume_corr_20d,high,2.0,0.5,0.08029202481524321,0.03994119192462017,0.15289341248806138,0,"0.03994,0.07013,0.15289,0.04198,0.04373,0.07900,0.07380,0.08380,0.09733,0.09468,0.08325,0.10297"
ret_5d,low,0.5,1.0,0.0802919817693166,0.03795390246843555,0.16620091603896703,0,"0.03795,0.06962,0.16620,0.04093,0.04765,0.06999,0.07435,0.08234,0.09913,0.09351,0.08056,0.10127"
market_corr_60d,low,0.3,1.0,0.08028904466378493,0.03773861140634755,0.16430866599982227,0,"0.03774,0.06741,0.16431,0.04083,0.04505,0.07774,0.07353,0.08163,0.09876,0.09300,0.08083,0.10265"
downside_vol_20d,low,1.2,2.0,0.0802887218127765,0.03727064842284805,0.16787778428078287,0,"0.03727,0.06686,0.16788,0.04183,0.04210,0.07641,0.07290,0.08184,0.09904,0.09355,0.08102,0.10275"
vol_20d,low,1.2,2.0,0.08028586748072852,0.03629017670512409,0.16807051175835278,0,"0.03629,0.06538,0.16807,0.04190,0.04352,0.07672,0.07290,0.08182,0.09874,0.09370,0.08139,0.10300"
ret_20d,high,0.8,1.0,0.08028585159834123,0.038207484638604544,0.16321398822715255,0,"0.03821,0.06504,0.16321,0.04069,0.04333,0.07929,0.07405,0.08426,0.09686,0.09533,0.08086,0.10229"
amount_z_20d,low,0.5,0.5,0.08028513200878777,0.037788202771430024,0.1662748782207302,0,"0.03779,0.06842,0.16627,0.03835,0.04486,0.07581,0.07280,0.08252,0.09935,0.09391,0.08111,0.10222"
trend_quality_20d,high,0.8,2.0,0.08028474025168907,0.03765444210676551,0.16347942722575265,0,"0.03765,0.06572,0.16348,0.04176,0.04337,0.07869,0.07343,0.08373,0.09737,0.09529,0.08040,0.10253"
trend_quality_20d,high,1.2,1.0,0.08026389173959426,0.0383102067119217,0.16428567066627403,0,"0.03831,0.06436,0.16429,0.04155,0.04302,0.07912,0.07330,0.08383,0.09764,0.09489,0.08040,0.10247"
trend_efficiency_20d,high,0.3,1.0,0.08026071920030119,0.037173536845222115,0.16650213988699591,0,"0.03717,0.06536,0.16650,0.04166,0.04607,0.07755,0.07281,0.08173,0.09740,0.09297,0.08097,0.10295"
close_location_ma5,high,0.8,1.0,0.08024093603945594,0.037903892796464986,0.16616183567667436,0,"0.03790,0.06378,0.16616,0.03937,0.04493,0.07791,0.07327,0.08226,0.09811,0.09490,0.08134,0.10295"
vol_20d,low,0.8,0.5,0.08023731097607656,0.03648811935305842,0.16619293646062513,0,"0.03649,0.06575,0.16619,0.04369,0.04489,0.07570,0.07279,0.08212,0.09886,0.09300,0.08127,0.10210"
intraday_mean_5d,high,0.8,0.5,0.08023618272966976,0.03771705908771682,0.1667669591199611,0,"0.03772,0.06330,0.16677,0.04103,0.04323,0.07939,0.07304,0.08162,0.09710,0.09409,0.08327,0.10228"
residual_ret_20d,high,0.8,1.0,0.08021248418969697,0.03727191370962188,0.1625730055519977,0,"0.03727,0.06501,0.16257,0.04073,0.04342,0.07930,0.07311,0.08457,0.09748,0.09562,0.08110,0.10236"
residual_ret_20d,high,1.2,0.5,0.080212229892501,0.03760342478989027,0.1638059440758602,0,"0.03760,0.06413,0.16381,0.04082,0.04360,0.07922,0.07304,0.08464,0.09782,0.09503,0.08117,0.10166"
downside_vol_20d,low,0.8,1.0,0.08018745664495812,0.03701228789587185,0.16649999365601678,0,"0.03701,0.06752,0.16650,0.04215,0.04305,0.07639,0.07290,0.08185,0.09832,0.09348,0.08067,0.10241"
turnover_z_20d,low,0.5,1.0,0.08018353710214177,0.03774903392762331,0.16711255592698704,0,"0.03775,0.06726,0.16711,0.03882,0.04437,0.07595,0.07266,0.08280,0.09913,0.09375,0.08095,0.10164"
amount_z_20d,low,0.5,2.0,0.08017627903820168,0.03749993194756698,0.16774781059600838,0,"0.03750,0.06636,0.16775,0.03939,0.04435,0.07688,0.07260,0.08259,0.09939,0.09347,0.08102,0.10083"
amount_z_20d,low,0.5,1.0,0.08017289103460472,0.03765639647815856,0.16670049865750725,0,"0.03766,0.06757,0.16670,0.03860,0.04457,0.07587,0.07271,0.08276,0.09931,0.09379,0.08094,0.10159"
market_corr_60d,low,0.5,0.5,0.0801616251397413,0.037651416072524334,0.1633313913018665,0,"0.03765,0.06697,0.16333,0.04082,0.04518,0.07780,0.07363,0.08163,0.09871,0.09310,0.08045,0.10266"
turnover_z_20d,low,0.5,2.0,0.08016024432406214,0.03758396515908184,0.16782308739735832,0,"0.03758,0.06601,0.16782,0.03940,0.04415,0.07689,0.07256,0.08278,0.09925,0.09348,0.08099,0.10100"
drawdown_20d,high,0.8,1.0,0.08013611710133885,0.03768286422198952,0.15716578499611975,0,"0.03768,0.06638,0.15717,0.04424,0.04385,0.07856,0.07388,0.08327,0.09701,0.09506,0.08203,0.10250"
obv_20d,high,0.8,1.0,0.08013165250132485,0.03745462109329474,0.16329899351974606,0,"0.03745,0.06522,0.16330,0.04097,0.04609,0.07874,0.07283,0.08293,0.09666,0.09279,0.08170,0.10290"
vol_20d,low,1.2,1.0,0.08011980438793997,0.03575697500628845,0.16706941744688544,0,"0.03576,0.06518,0.16707,0.04336,0.04421,0.07574,0.07286,0.08199,0.09798,0.09353,0.08124,0.10252"
obv_20d,high,0.8,2.0,0.08011895570004457,0.03752825942337777,0.1621808245040223,0,"0.03753,0.06561,0.16218,0.04094,0.04615,0.07871,0.07281,0.08355,0.09631,0.09352,0.08127,0.10284"
intraday_mean_5d,high,0.8,1.0,0.08011441063892068,0.037938934115464056,0.16525468333306578,0,"0.03794,0.06439,0.16525,0.04108,0.04226,0.07937,0.07293,0.08160,0.09637,0.09402,0.08384,0.10232"
price_volume_corr_20d,high,0.8,2.0,0.08011154747147702,0.03895312690662603,0.15559501855980798,0,"0.03895,0.06992,0.15560,0.04093,0.04338,0.07875,0.07370,0.08383,0.09807,0.09437,0.08190,0.10193"
vol_20d,low,2.0,2.0,0.08010642038832465,0.035509968288465345,0.16784658674446543,0,"0.03551,0.06550,0.16785,0.04239,0.04296,0.07615,0.07289,0.08183,0.09818,0.09369,0.08137,0.10295"
price_volume_corr_20d,high,1.2,1.0,0.08010636501890371,0.039580562524498784,0.15217414278011795,0,"0.03958,0.07018,0.15217,0.04174,0.04313,0.07898,0.07403,0.08421,0.09715,0.09470,0.08289,0.10252"
intraday_mean_5d,high,0.8,2.0,0.08008429502138369,0.037989296124150994,0.16300278530545964,0,"0.03799,0.06659,0.16300,0.04119,0.04206,0.07922,0.07290,0.08171,0.09593,0.09371,0.08411,0.10260"
obv_20d,high,1.2,0.5,0.08007796934853842,0.037140138643644696,0.16404836706546191,0,"0.03714,0.06477,0.16405,0.04098,0.04582,0.07872,0.07285,0.08260,0.09688,0.09224,0.08192,0.10297"
ret_5d,low,0.8,0.5,0.08007774053233628,0.03796556324242788,0.1646192265147437,0,"0.03797,0.06978,0.16462,0.04158,0.04754,0.06761,0.07441,0.08281,0.09954,0.09337,0.08029,0.10142"
downside_vol_20d,low,0.8,0.5,0.08007006549366498,0.036977270911973004,0.16463590840644557,0,"0.03698,0.06822,0.16464,0.04287,0.04377,0.07664,0.07290,0.08208,0.09743,0.09299,0.08049,0.10185"
ret_5d,low,0.8,2.0,0.08005864841348473,0.03789595699131343,0.1671954077302779,0,"0.03790,0.06999,0.16720,0.04054,0.04917,0.06637,0.07534,0.08205,0.09832,0.09372,0.08026,0.09987"
ret_20d,high,0.8,2.0,0.0800517278684652,0.03765851729276086,0.16135263453376145,0,"0.03766,0.06446,0.16135,0.04045,0.04342,0.07912,0.07440,0.08401,0.09638,0.09623,0.08069,0.10244"
residual_ret_20d,high,0.8,2.0,0.08003925875561888,0.037225264153650434,0.1611092810769249,0,"0.03723,0.06429,0.16111,0.04053,0.04349,0.07909,0.07325,0.08461,0.09695,0.09644,0.08102,0.10245"
close_location_ma5,high,1.2,1.0,0.0800329985939839,0.03786526875871318,0.1653230167344357,0,"0.03787,0.06276,0.16532,0.03893,0.04476,0.07788,0.07340,0.08245,0.09749,0.09532,0.08131,0.10290"
drawdown_20d,high,1.2,2.0,0.08003187000772906,0.037939256537374615,0.1575005688003071,0,"0.03794,0.06650,0.15750,0.04590,0.04245,0.07649,0.07340,0.08375,0.09514,0.09581,0.08322,0.10228"
ret_20d,high,2.0,0.5,0.08000935993730408,0.039252677170295715,0.1634119537890794,0,"0.03925,0.06271,0.16341,0.04075,0.04294,0.07931,0.07405,0.08535,0.09600,0.09492,0.08088,0.10055"
drawdown_20d,high,0.8,0.5,0.08000612230720068,0.0374112721412754,0.1560442287095518,0,"0.03741,0.06697,0.15604,0.04370,0.04451,0.07903,0.07414,0.08287,0.09742,0.09453,0.08136,0.10209"
turnover_z_20d,low,0.8,0.5,0.0800052135775837,0.03767864389544701,0.16569032859105473,0,"0.03781,0.06803,0.16569,0.03768,0.04439,0.07517,0.07271,0.08280,0.09905,0.09390,0.08098,0.10185"
trend_efficiency_20d,high,0.5,0.5,0.08000038730877461,0.03686977790737524,0.16665506269029853,0,"0.03687,0.06331,0.16666,0.04166,0.04612,0.07773,0.07270,0.08155,0.09738,0.09207,0.08099,0.10297"
ret_20d,high,1.2,1.0,0.07999031226978259,0.038518937046750114,0.16138090376472738,0,"0.03852,0.06379,0.16138,0.04061,0.04264,0.07935,0.07443,0.08510,0.09570,0.09574,0.08070,0.10192"
downside_vol_20d,low,2.0,2.0,0.07998548570932133,0.03684072578914773,0.16752719578205258,0,"0.03684,0.06611,0.16753,0.04225,0.04110,0.07581,0.07290,0.08186,0.09868,0.09345,0.08076,0.10254"
close_location_ma5,high,0.8,2.0,0.07997796746967502,0.03790145652568763,0.16508336120555953,0,"0.03790,0.06420,0.16508,0.03837,0.04432,0.07700,0.07332,0.08199,0.09787,0.09437,0.08251,0.10281"
trend_quality_20d,high,2.0,1.0,0.07995919888526454,0.0387444072938235,0.16285666429073206,0,"0.03874,0.06272,0.16286,0.04168,0.04211,0.07937,0.07341,0.08447,0.09678,0.09513,0.08008,0.10216"
amount_z_20d,low,0.8,0.5,0.07995587027640633,0.03709015054914786,0.16519701224621555,0,"0.03771,0.06831,0.16520,0.03709,0.04463,0.07486,0.07276,0.08282,0.09925,0.09400,0.08098,0.10187"
trend_quality_20d,high,1.2,2.0,0.0799554198406877,0.03756338725698689,0.1615922378325048,0,"0.03756,0.06455,0.16159,0.04197,0.04255,0.07883,0.07360,0.08440,0.09642,0.09569,0.08005,0.10226"
intraday_mean_5d,high,1.2,0.5,0.07995224034594077,0.03759626892810772,0.1663184473417375,0,"0.03760,0.06153,0.16632,0.04103,0.04263,0.07948,0.07309,0.08155,0.09614,0.09424,0.08384,0.10198"
vol_20d,low,1.2,0.5,0.0799394433524353,0.03609350338260567,0.1650883698820919,0,"0.03609,0.06490,0.16509,0.04460,0.04475,0.07470,0.07274,0.08224,0.09857,0.09269,0.08120,0.10169"
ret_5d,low,0.8,1.0,0.07992128919398843,0.037941494490200935,0.165004278088645,0,"0.03794,0.06997,0.16500,0.04089,0.04864,0.06613,0.07507,0.08264,0.09892,0.09341,0.08008,0.10034"
market_corr_60d,low,0.5,2.0,0.07991706207881559,0.03771589070677693,0.16276696234913682,0,"0.03772,0.06709,0.16277,0.04072,0.04449,0.07731,0.07377,0.08154,0.09802,0.09249,0.08086,0.10223"
residual_ret_20d,high,2.0,0.5,0.0798963320778522,0.03758538275462402,0.16229341143324602,0,"0.03759,0.06267,0.16229,0.04078,0.04306,0.07932,0.07308,0.08551,0.09713,0.09532,0.08110,0.10091"
market_corr_60d,low,0.5,1.0,0.07988282653046669,0.03757917912432839,0.16195634201698614,0,"0.03758,0.06663,0.16196,0.04074,0.04484,0.07759,0.07388,0.08153,0.09830,0.09265,0.08049,0.10240"
residual_ret_20d,high,1.2,1.0,0.07987927030750151,0.03717055109882709,0.16048405729346865,0,"0.03717,0.06375,0.16048,0.04067,0.04275,0.07936,0.07316,0.08545,0.09661,0.09612,0.08101,0.10202"
trend_efficiency_20d,high,0.5,2.0,0.0798744463594911,0.03701323697788311,0.1646499151381593,0,"0.03701,0.06519,0.16465,0.04216,0.04641,0.07666,0.07293,0.08183,0.09542,0.09304,0.08046,0.10275"
downside_vol_20d,low,1.2,1.0,0.07985586491836016,0.03661601519411304,0.16547763811606994,0,"0.03662,0.06718,0.16548,0.04257,0.04242,0.07573,0.07290,0.08186,0.09773,0.09337,0.08032,0.10209"
trend_efficiency_20d,high,0.5,1.0,0.07984043813552441,0.0367174503217283,0.16542868351901208,0,"0.03672,0.06347,0.16543,0.04200,0.04640,0.07730,0.07274,0.08168,0.09620,0.09256,0.08072,0.10287"
market_corr_60d,low,0.8,0.5,0.07980613435554994,0.03749986703225296,0.1611713915555592,0,"0.03750,0.06621,0.16117,0.04075,0.04507,0.07772,0.07393,0.08156,0.09835,0.09288,0.08003,0.10250"
obv_20d,high,1.2,1.0,0.07979508826780572,0.037307536269251776,0.1615946593745333,0,"0.03731,0.06397,0.16159,0.04096,0.04631,0.07878,0.07281,0.08324,0.09547,0.09249,0.08180,0.10282"
vol_20d,low,2.0,1.0,0.07979312029498932,0.03489548003537554,0.1661165270784966,0,"0.03490,0.06480,0.16612,0.04441,0.04389,0.07472,0.07283,0.08211,0.09704,0.09342,0.08112,0.10217"
turnover_z_20d,low,0.8,1.0,0.07978308724909774,0.03766116824665741,0.16633906962480446,0,"0.03766,0.06665,0.16634,0.03767,0.04390,0.07495,0.07257,0.08328,0.09889,0.09378,0.08074,0.10099"
amount_z_20d,low,0.8,2.0,0.07976133769960939,0.037343922809395455,0.16737494379507126,0,"0.03734,0.06527,0.16737,0.03848,0.04380,0.07630,0.07247,0.08302,0.09927,0.09333,0.08080,0.09968"
amount_z_20d,low,0.8,1.0,0.0797595088670624,0.037314762459679386,0.1656948337901083,0,"0.03753,0.06709,0.16569,0.03731,0.04419,0.07482,0.07264,0.08322,0.09916,0.09384,0.08072,0.10091"
obv_20d,high,2.0,0.5,0.07975583038846741,0.03693976519214975,0.16272792601938454,0,"0.03694,0.06346,0.16273,0.04098,0.04593,0.07876,0.07284,0.08280,0.09584,0.09180,0.08208,0.10293"
ret_5d,low,1.2,0.5,0.07974322318742466,0.03795983384599637,0.16317004188981643,0,"0.03796,0.07005,0.16317,0.04180,0.04813,0.06411,0.07490,0.08323,0.09953,0.09333,0.07986,0.10084"
turnover_z_20d,low,0.8,2.0,0.07974131099085914,0.0374611813496283,0.1674993385275141,0,"0.03746,0.06477,0.16750,0.03850,0.04351,0.07632,0.07241,0.08329,0.09906,0.09336,0.08075,0.09996"
intraday_mean_5d,high,1.2,1.0,0.07973311429561873,0.03791356516139375,0.1643520573252271,0,"0.03791,0.06247,0.16435,0.04110,0.04128,0.07946,0.07294,0.08152,0.09493,0.09416,0.08469,0.10198"
drawdown_20d,high,1.2,1.0,0.07972483870997006,0.037545208345192996,0.15237752269603708,0,"0.03755,0.06541,0.15238,0.04521,0.04340,0.07865,0.07430,0.08380,0.09587,0.09565,0.08227,0.10222"
obv_20d,high,1.2,2.0,0.07972234076716467,0.037321489958835344,0.1598593305081967,0,"0.03732,0.06434,0.15986,0.04093,0.04643,0.07867,0.07278,0.08410,0.09486,0.09345,0.08121,0.10272"
downside_vol_20d,low,1.2,0.5,0.07970686464857593,0.03663929819102178,0.16293306153784914,0,"0.03664,0.06818,0.16293,0.04346,0.04335,0.07617,0.07290,0.08219,0.09655,0.09267,0.08012,0.10133"
price_volume_corr_20d,high,1.2,2.0,0.07970210461335543,0.03938243030904634,0.15023032554493845,0,"0.03938,0.07029,0.15023,0.04090,0.04252,0.07881,0.07403,0.08461,0.09741,0.09462,0.08211,0.10152"
price_volume_corr_20d,high,2.0,1.0,0.0796976763382359,0.0402896374167718,0.14563865803108927,0,"0.04029,0.07057,0.14564,0.04198,0.04219,0.07910,0.07446,0.08505,0.09614,0.09506,0.08354,0.10234"
close_location_ma5,high,2.0,1.0,0.0796909685192134,0.03779581765750056,0.16416360927387952,0,"0.03780,0.06124,0.16416,0.03836,0.04452,0.07782,0.07360,0.08277,0.09644,0.09598,0.08078,0.10282"
turnover_z_20d,low,1.2,0.5,0.07967396843965298,0.03650771586044924,0.16468770177437475,0,"0.03776,0.06784,0.16469,0.03651,0.04410,0.07425,0.07266,0.08310,0.09888,0.09396,0.08085,0.10149"
ret_20d,high,1.2,2.0,0.0796517752444028,0.037746872603565296,0.15855861000328367,0,"0.03775,0.06286,0.15856,0.04030,0.04264,0.07938,0.07499,0.08486,0.09490,0.09700,0.08047,0.10213"
intraday_mean_5d,high,1.2,2.0,0.07963915400208842,0.03798868702058783,0.16131072843090485,0,"0.03799,0.06558,0.16131,0.04125,0.04084,0.07926,0.07290,0.08167,0.09418,0.09376,0.08456,0.10236"
ret_5d,low,1.2,2.0,0.07962017432394843,0.03787358928765571,0.16661466053698673,0,"0.03787,0.07037,0.16661,0.04031,0.05067,0.06175,0.07556,0.08216,0.09786,0.09372,0.07970,0.09885"
close_location_ma5,high,1.2,2.0,0.07961211949818393,0.0375620200461958,0.16373918946348723,0,"0.03786,0.06342,0.16374,0.03756,0.04389,0.07664,0.07350,0.08207,0.09707,0.09465,0.08227,0.10268"
amount_z_20d,low,1.2,0.5,0.07960170146524033,0.035685695063868504,0.16403441510355268,0,"0.03764,0.06819,0.16403,0.03569,0.04439,0.07382,0.07272,0.08314,0.09914,0.09410,0.08084,0.10152"
residual_ret_20d,high,1.2,2.0,0.07959781205572934,0.0368747198037963,0.15818647643321207,0,"0.03687,0.06261,0.15819,0.04041,0.04271,0.07934,0.07336,0.08558,0.09577,0.09729,0.08090,0.10214"
trend_efficiency_20d,high,0.8,0.5,0.07957586535239232,0.036418159365862963,0.16587724465464815,0,"0.03642,0.06108,0.16588,0.04191,0.04638,0.07762,0.07259,0.08143,0.09649,0.09137,0.08081,0.10292"
drawdown_20d,high,1.2,0.5,0.07956732606307391,0.03719603465871236,0.15133464720550954,0,"0.03720,0.06636,0.15133,0.04444,0.04426,0.07902,0.07459,0.08320,0.09656,0.09485,0.08134,0.10167"
vol_20d,low,2.0,0.5,0.07953448005651277,0.03552709137672672,0.16315927400988736,0,"0.03553,0.06468,0.16316,0.04593,0.04458,0.07314,0.07266,0.08245,0.09810,0.09212,0.08109,0.10098"
ret_20d,high,2.0,1.0,0.07952816475342807,0.039037736300372716,0.15870325097428514,0,"0.03904,0.06196,0.15870,0.04051,0.04166,0.07942,0.07497,0.08634,0.09369,0.09632,0.08050,0.10122"
intraday_mean_5d,high,2.0,0.5,0.07950924064216831,0.037380817902230884,0.16573933242123642,0,"0.03738,0.05866,0.16574,0.04104,0.04185,0.07959,0.07320,0.08147,0.09458,0.09445,0.08464,0.10151"
ret_5d,low,1.2,1.0,0.07947654992814764,0.03793012422794786,0.16348650030445014,0,"0.03793,0.07032,0.16349,0.04084,0.04971,0.06165,0.07568,0.08303,0.09869,0.09333,0.07950,0.09954"
drawdown_20d,high,2.0,2.0,0.07945703938020063,0.037906154199964584,0.15140143711591345,0,"0.03791,0.06516,0.15140,0.04765,0.04137,0.07598,0.07371,0.08475,0.09255,0.09700,0.08424,0.10177"
market_corr_60d,low,1.2,0.5,0.0794392852305321,0.03734569371595448,0.15890943092314072,0,"0.03735,0.06541,0.15891,0.04069,0.04497,0.07763,0.07423,0.08149,0.09800,0.09268,0.07959,0.10233"
trend_quality_20d,high,2.0,2.0,0.07941239628667214,0.037625571564772135,0.15869123564845963,0,"0.03763,0.06277,0.15869,0.04224,0.04122,0.07902,0.07383,0.08541,0.09477,0.09626,0.07936,0.10176"
market_corr_60d,low,0.8,1.0,0.07937982512563665,0.03737249880088681,0.15888190416509013,0,"0.03737,0.06559,0.15888,0.04063,0.04459,0.07741,0.07434,0.08141,0.09772,0.09248,0.08005,0.10210"
market_corr_60d,low,0.8,2.0,0.07937952741898781,0.037552944531582616,0.15973892130160489,0,"0.03755,0.06618,0.15974,0.04059,0.04406,0.07698,0.07423,0.08141,0.09721,0.09224,0.08058,0.10179"
residual_ret_20d,high,2.0,1.0,0.07935638331824506,0.037025649088881174,0.15739486210009795,0,"0.03703,0.06188,0.15739,0.04059,0.04178,0.07943,0.07324,0.08670,0.09512,0.09685,0.08089,0.10137"
downside_vol_20d,low,2.0,1.0,0.07934859173214788,0.03605501506490466,0.1635136667925761,0,"0.03606,0.06725,0.16351,0.04320,0.04161,0.07481,0.07289,0.08189,0.09660,0.09317,0.07969,0.10150"
turnover_z_20d,low,1.2,1.0,0.07933257131764215,0.03628113363381639,0.1654445169290626,0,"0.03760,0.06602,0.16544,0.03628,0.04340,0.07376,0.07247,0.08380,0.09862,0.09381,0.08050,0.10030"
amount_z_20d,low,1.2,2.0,0.07932552321210039,0.037180553265958316,0.16690312807298466,0,"0.03718,0.06409,0.16690,0.03731,0.04318,0.07556,0.07232,0.08354,0.09913,0.09316,0.08053,0.09900"
trend_efficiency_20d,high,0.8,2.0,0.07930501618496255,0.03664783552626483,0.16267663099493934,0,"0.03665,0.06337,0.16268,0.04268,0.04686,0.07599,0.07294,0.08183,0.09339,0.09270,0.08000,0.10259"
trend_efficiency_20d,high,0.8,1.0,0.07930421607462017,0.036251315213150316,0.1640158261214127,0,"0.03625,0.06104,0.16402,0.04241,0.04680,0.07696,0.07265,0.08161,0.09471,0.09201,0.08041,0.10278"
turnover_z_20d,low,1.2,2.0,0.07929517056338388,0.03733053058164714,0.16709636134392658,0,"0.03733,0.06343,0.16710,0.03735,0.04279,0.07559,0.07224,0.08392,0.09882,0.09320,0.08048,0.09930"
amount_z_20d,low,1.2,1.0,0.07929115824054113,0.03576280527791024,0.16450975563557144,0,"0.03743,0.06659,0.16451,0.03576,0.04378,0.07355,0.07256,0.08375,0.09900,0.09393,0.08046,0.10018"
obv_20d,high,2.0,1.0,0.07927332647930697,0.03714012371029214,0.15917327118908342,0,"0.03714,0.06205,0.15917,0.04095,0.04664,0.07874,0.07278,0.08364,0.09347,0.09205,0.08195,0.10269"
ret_5d,low,2.0,0.5,0.07924828530724037,0.03795292955973982,0.160928870962519,0,"0.03795,0.07041,0.16093,0.04216,0.04893,0.05887,0.07561,0.08392,0.09951,0.09328,0.07917,0.10025"
turnover_z_20d,low,2.0,0.5,0.07923363835969566,0.0351766581444716,0.16324322250730433,0,"0.03770,0.06760,0.16324,0.03518,0.04370,0.07291,0.07259,0.08351,0.09864,0.09405,0.08067,0.10101"
amount_z_20d,low,2.0,0.5,0.0791778741623917,0.03472943230739441,0.16233425795051248,0,"0.03755,0.06805,0.16233,0.03473,0.04409,0.07229,0.07267,0.08357,0.09898,0.09418,0.08065,0.10104"
trend_efficiency_20d,high,1.2,0.5,0.07914353478268903,0.03602713336949558,0.16504605076402706,0,"0.03603,0.05881,0.16505,0.04215,0.04665,0.07751,0.07247,0.08129,0.09560,0.09064,0.08064,0.10288"
downside_vol_20d,low,2.0,0.5,0.07911375293541804,0.036215736806987614,0.15998489923973824,0,"0.03622,0.06816,0.15998,0.04427,0.04284,0.07550,0.07289,0.08236,0.09509,0.09212,0.07951,0.10044"
close_location_ma5,high,2.0,2.0,0.0791053759494187,0.03676486437621926,0.1627802571972739,0,"0.03777,0.06196,0.16278,0.03676,0.04322,0.07611,0.07381,0.08222,0.09561,0.09512,0.08145,0.10245"
obv_20d,high,2.0,2.0,0.07906926991711423,0.03722623538454645,0.15622661107602778,0,"0.03723,0.06221,0.15623,0.04091,0.04689,0.07854,0.07271,0.08487,0.09226,0.09336,0.08110,0.10251"
drawdown_20d,high,2.0,1.0,0.0790412175329049,0.03729694089103136,0.14422252896151763,0,"0.03730,0.06444,0.14422,0.04652,0.04278,0.07871,0.07506,0.08459,0.09384,0.09668,0.08265,0.10170"
intraday_mean_5d,high,2.0,1.0,0.07902944950751563,0.037863647284772574,0.163195218137178,0,"0.03786,0.05939,0.16320,0.04113,0.03993,0.07958,0.07296,0.08139,0.09231,0.09437,0.08486,0.10137"
price_volume_corr_20d,high,2.0,2.0,0.07899592824610362,0.040151434857784066,0.1410755835547895,0,"0.04015,0.07084,0.14108,0.04087,0.04104,0.07890,0.07459,0.08587,0.09622,0.09505,0.08248,0.10089"
ret_20d,high,2.0,2.0,0.07895119002140284,0.037903901330797955,0.1541138102995033,0,"0.03790,0.06063,0.15411,0.04011,0.04137,0.07949,0.07554,0.08622,0.09219,0.09815,0.08015,0.10154"
market_corr_60d,low,2.0,0.5,0.07894604039820373,0.037145198556721874,0.15579730066691275,0,"0.03715,0.06428,0.15580,0.04060,0.04483,0.07753,0.07463,0.08141,0.09752,0.09252,0.07898,0.10211"
ret_5d,low,2.0,2.0,0.0789033006524222,0.0378462975437792,0.16550157200722762,0,"0.03785,0.07089,0.16550,0.03989,0.05314,0.05395,0.07555,0.08239,0.09768,0.09374,0.07864,0.09762"
residual_ret_20d,high,2.0,2.0,0.0788758753095343,0.0364801149249953,0.1534951773471016,0,"0.03648,0.06031,0.15350,0.04025,0.04146,0.07950,0.07351,0.08703,0.09362,0.09857,0.08073,0.10156"
drawdown_20d,high,2.0,0.5,0.0788708739342948,0.03685995645337226,0.14394541906828887,0,"0.03686,0.06561,0.14395,0.04541,0.04395,0.07900,0.07528,0.08364,0.09513,0.09538,0.08131,0.10094"
market_corr_60d,low,1.2,2.0,0.07883814911227538,0.037378353873007,0.1572401999650279,0,"0.03738,0.06504,0.15724,0.04044,0.04361,0.07657,0.07479,0.08126,0.09626,0.09195,0.08026,0.10126"
market_corr_60d,low,1.2,1.0,0.07882329700833478,0.03716945055895545,0.15539680837558412,0,"0.03717,0.06438,0.15540,0.04052,0.04433,0.07722,0.07483,0.08129,0.09709,0.09231,0.07957,0.10177"
intraday_mean_5d,high,2.0,2.0,0.07880240123755694,0.03798746923760553,0.1590198454186463,0,"0.03799,0.06365,0.15902,0.04134,0.03898,0.07931,0.07289,0.08159,0.09087,0.09385,0.08425,0.10190"
trend_efficiency_20d,high,1.2,1.0,0.07870979985664729,0.03573219726084955,0.16238369100123354,0,"0.03573,0.05839,0.16238,0.04282,0.04723,0.07660,0.07254,0.08152,0.09313,0.09141,0.08009,0.10269"
ret_5d,low,2.0,1.0,0.0786958095310851,0.03791636498177206,0.1607827277439329,0,"0.03792,0.07078,0.16078,0.04075,0.05127,0.05440,0.07573,0.08375,0.09838,0.09332,0.07847,0.09879"
amount_z_20d,low,2.0,2.0,0.07866730404577167,0.03513694428109638,0.1660374098451293,0,"0.03695,0.06280,0.16604,0.03514,0.04220,0.07419,0.07211,0.08448,0.09886,0.09289,0.08007,0.09829"
trend_efficiency_20d,high,1.2,2.0,0.07866646817911717,0.03620542389050471,0.16031660381889853,0,"0.03621,0.06144,0.16032,0.04324,0.04735,0.07529,0.07295,0.08184,0.09118,0.09228,0.07949,0.10241"
turnover_z_20d,low,2.0,1.0,0.07866404274207829,0.03422304690250875,0.16400860293246045,0,"0.03750,0.06516,0.16401,0.03422,0.04269,0.07178,0.07234,0.08460,0.09820,0.09386,0.08014,0.09948"
amount_z_20d,low,2.0,1.0,0.07865728620408578,0.034223852073869646,0.16255637897147024,0,"0.03728,0.06591,0.16256,0.03422,0.04320,0.07144,0.07246,0.08457,0.09873,0.09399,0.08007,0.09946"
turnover_z_20d,low,2.0,2.0,0.07862814431399982,0.03524610968513127,0.16637344678824836,0,"0.03714,0.06176,0.16637,0.03525,0.04165,0.07424,0.07200,0.08498,0.09837,0.09292,0.08000,0.09884"
trend_efficiency_20d,high,2.0,0.5,0.07854368606818693,0.035486671738988465,0.16391473273346951,0,"0.03549,0.05572,0.16391,0.04246,0.04700,0.07733,0.07227,0.08107,0.09442,0.08962,0.08041,0.10282"
market_corr_60d,low,2.0,1.0,0.07813776333435285,0.03688506784622875,0.15194478461919286,0,"0.03689,0.06246,0.15194,0.04037,0.04398,0.07692,0.07557,0.08112,0.09618,0.09209,0.07885,0.10130"
market_corr_60d,low,2.0,2.0,0.07811242543113019,0.037117729348789055,0.15491782708594892,0,"0.03712,0.06298,0.15492,0.04023,0.04295,0.07603,0.07575,0.08103,0.09468,0.09153,0.07975,0.10039"
trend_efficiency_20d,high,2.0,1.0,0.07784710452381612,0.034940728883821465,0.15993425770225558,0,"0.03494,0.05474,0.15993,0.04337,0.04783,0.07612,0.07233,0.08136,0.09086,0.09048,0.07963,0.10257"
trend_efficiency_20d,high,2.0,2.0,0.0777312641236622,0.035446790938832316,0.1563422530819583,0,"0.03545,0.05855,0.15634,0.04406,0.04811,0.07434,0.07298,0.08187,0.08866,0.09186,0.07841,0.10214"
